111111111111111111111111111111111111111111111111
100000000000000200000000000000000000000000000001
100000000000000200000000000000000000000000000001
100000000000000200000000000000000000000000000001
100000000000000000000000000000000122200222000001
100000000000000000000002000000000020022000000001
100000000000000000000002200000000002000000000001
100000000000000000000000000000000000200000000001
100000000000000000000000000000000000020000000001
100000000000000000000000000000000000020000000001
100000000000000200000000000000000222222220000001
100000002200000000000000000221211112222220000001
100000020000020200000000000000000222000000000001
100000200000200200000000000000000000000000000001
100000000202000200000000000022220000000000000001
100000000022000200000000000000000000000000000001
100000000000000000000211222000000000000000000001
100000000000000000000000000000000000000000000001
100000000000000000000000000000000000000000000001
100000022000000000000000000000000000000000000001
100000222000000000000000000000000111111222000001
100000000000000000000000000000000000100000000001
100000000000000000000000000000000000100000000001
100000000000000000000000000022000010000000022001
100000000000000000000000000022000010000000022001
100000002000000000000000000002200001112000000111
100000000000000000000000000000000000000000000001
100000000000000011111111100000000000000000000001
100000022000000000000000000000000000000000000001
100000000000000000022220000000000000000000000001
100000000020000000020002000000000000000000200001
100000000020000000020000200000000000000002200201
100000000202000000022222200000000000000002000001
100000002222200000020000200000000000000222002001
100000022000220220022222200220000000000000000001
100000000000000000000000000000000000000000000001
100000000000000000000000000000000000020000000001
100000000000000000000000000000000000000000000001
100000000000000000000000000000000000000000000001
100000000000000000000000000000000000020000000001
100000000000000000000000000000000000020000000001
100000000000000000000020000000000000020000000001
100000000000000001000000000000000000000000000001
100000000000000000001000000000000000000000000001
100000000000000000000000000000000000000000000001
100000000000000000000000000000000000000000000001
100000000000000000000000000000000000000000000001
100000000000000000000000000000000000000000000001
100000000000000000000000000000000000000000000001
111111111111111111111111111111111111111111111111